(kicad_pcb (version 20171130) (host pcbnew 5.0.2-5.fc29)

  (general
    (thickness 1.6)
    (drawings 7)
    (tracks 476)
    (zones 0)
    (modules 45)
    (nets 40)
  )

  (page A4)
  (layers
    (0 F.Cu jumper)
    (31 B.Cu signal)
    (34 B.Paste user)
    (35 F.Paste user)
    (36 B.SilkS user)
    (37 F.SilkS user)
    (38 B.Mask user)
    (39 F.Mask user)
    (44 Edge.Cuts user)
    (45 Margin user)
    (46 B.CrtYd user)
    (47 F.CrtYd user)
    (48 B.Fab user hide)
    (49 F.Fab user hide)
  )

  (setup
    (last_trace_width 0.25)
    (trace_clearance 0.2)
    (zone_clearance 0.508)
    (zone_45_only no)
    (trace_min 0.1)
    (segment_width 0.2)
    (edge_width 0.15)
    (via_size 0.5)
    (via_drill 0.3)
    (via_min_size 0.4)
    (via_min_drill 0.2)
    (uvia_size 0.3)
    (uvia_drill 0.1)
    (uvias_allowed no)
    (uvia_min_size 0.2)
    (uvia_min_drill 0.1)
    (pcb_text_width 0.3)
    (pcb_text_size 1.5 1.5)
    (mod_edge_width 0.15)
    (mod_text_size 1 1)
    (mod_text_width 0.15)
    (pad_size 1.524 1.524)
    (pad_drill 0.762)
    (pad_to_mask_clearance 0.051)
    (solder_mask_min_width 0.25)
    (aux_axis_origin 0 0)
    (visible_elements FFFFFF7F)
    (pcbplotparams
      (layerselection 0x010fc_ffffffff)
      (usegerberextensions false)
      (usegerberattributes false)
      (usegerberadvancedattributes false)
      (creategerberjobfile false)
      (excludeedgelayer true)
      (linewidth 0.100000)
      (plotframeref false)
      (viasonmask false)
      (mode 1)
      (useauxorigin false)
      (hpglpennumber 1)
      (hpglpenspeed 20)
      (hpglpendiameter 15.000000)
      (psnegative false)
      (psa4output false)
      (plotreference true)
      (plotvalue true)
      (plotinvisibletext false)
      (padsonsilk false)
      (subtractmaskfromsilk false)
      (outputformat 1)
      (mirror false)
      (drillshape 1)
      (scaleselection 1)
      (outputdirectory ""))
  )

  (net 0 "")
  (net 1 GND)
  (net 2 "Net-(C2-Pad1)")
  (net 3 "Net-(C3-Pad1)")
  (net 4 "Net-(C5-Pad1)")
  (net 5 /VBUS)
  (net 6 "Net-(C10-Pad1)")
  (net 7 "Net-(C8-Pad2)")
  (net 8 /3V0)
  (net 9 /MCU/SWD_IO)
  (net 10 /MCU/SWD_CLK)
  (net 11 /MCU/~SWD_RST)
  (net 12 "Net-(L1-Pad1)")
  (net 13 "Net-(R1-Pad1)")
  (net 14 "Net-(R2-Pad1)")
  (net 15 "Net-(R3-Pad1)")
  (net 16 /MCU/OSC_EN)
  (net 17 /MCU/OSC)
  (net 18 /SPI.MISO)
  (net 19 /SPI.MOSI)
  (net 20 /SPI.SCK)
  (net 21 /SPI.~CS)
  (net 22 /UART.TX)
  (net 23 /UART.RX)
  (net 24 /UART.CTS)
  (net 25 /UART.RTS)
  (net 26 /Radio/ANT)
  (net 27 "Net-(U1-Pad3)")
  (net 28 "Net-(C4-Pad1)")
  (net 29 "Net-(U1-Pad2)")
  (net 30 /MCU/I2C.SDA)
  (net 31 /MCU/I2C.SCL)
  (net 32 "Net-(M1-Pad5)")
  (net 33 /RFM_RESET)
  (net 34 /RFM_DIO0)
  (net 35 /RFM_DIO1)
  (net 36 /RFM_DIO2)
  (net 37 /FTDI_IO0)
  (net 38 /FTDI_IO1)
  (net 39 /FTDI_IO3)

  (net_class Default "This is the default net class."
    (clearance 0.2)
    (trace_width 0.25)
    (via_dia 0.5)
    (via_drill 0.3)
    (uvia_dia 0.3)
    (uvia_drill 0.1)
    (add_net /3V0)
    (add_net /FTDI_IO0)
    (add_net /FTDI_IO1)
    (add_net /FTDI_IO3)
    (add_net /MCU/I2C.SCL)
    (add_net /MCU/I2C.SDA)
    (add_net /MCU/OSC)
    (add_net /MCU/OSC_EN)
    (add_net /MCU/SWD_CLK)
    (add_net /MCU/SWD_IO)
    (add_net /MCU/~SWD_RST)
    (add_net /RFM_DIO0)
    (add_net /RFM_DIO1)
    (add_net /RFM_DIO2)
    (add_net /RFM_RESET)
    (add_net /SPI.MISO)
    (add_net /SPI.MOSI)
    (add_net /SPI.SCK)
    (add_net /SPI.~CS)
    (add_net /UART.CTS)
    (add_net /UART.RTS)
    (add_net /UART.RX)
    (add_net /UART.TX)
    (add_net /VBUS)
    (add_net GND)
    (add_net "Net-(C10-Pad1)")
    (add_net "Net-(C2-Pad1)")
    (add_net "Net-(C3-Pad1)")
    (add_net "Net-(C4-Pad1)")
    (add_net "Net-(C5-Pad1)")
    (add_net "Net-(C8-Pad2)")
    (add_net "Net-(L1-Pad1)")
    (add_net "Net-(M1-Pad5)")
    (add_net "Net-(R1-Pad1)")
    (add_net "Net-(R2-Pad1)")
    (add_net "Net-(R3-Pad1)")
    (add_net "Net-(U1-Pad2)")
    (add_net "Net-(U1-Pad3)")
  )

  (net_class ANT ""
    (clearance 0.2)
    (trace_width 1.2)
    (via_dia 0.5)
    (via_drill 0.3)
    (uvia_dia 0.3)
    (uvia_drill 0.1)
    (add_net /Radio/ANT)
  )

  (module Harwin:M50-3130545 (layer F.Cu) (tedit 5D6B8DC4) (tstamp 5D6B57C7)
    (at 165.05 106.6 90)
    (path /5D6D3DFB)
    (fp_text reference M1 (at 4.3 0 180) (layer F.SilkS)
      (effects (font (size 1 1) (thickness 0.15)))
    )
    (fp_text value M50-3130545 (at 0 -4 90) (layer F.Fab)
      (effects (font (size 1 1) (thickness 0.15)))
    )
    (fp_line (start 3.375 -0.9) (end -3.375 -0.9) (layer F.CrtYd) (width 0.15))
    (fp_line (start 3.375 0.9) (end 3.375 -0.9) (layer F.CrtYd) (width 0.15))
    (fp_line (start -3.375 0.9) (end 3.375 0.9) (layer F.CrtYd) (width 0.15))
    (fp_line (start -3.375 -0.9) (end -3.375 0.9) (layer F.CrtYd) (width 0.15))
    (pad 5 thru_hole roundrect (at 2.54 0 90) (size 1 1.2) (drill 0.7) (layers F.Cu F.Mask) (roundrect_rratio 0.25)
      (net 32 "Net-(M1-Pad5)"))
    (pad 4 thru_hole roundrect (at 1.27 0 90) (size 1 1.2) (drill 0.7) (layers F.Cu F.Mask) (roundrect_rratio 0.25)
      (net 30 /MCU/I2C.SDA))
    (pad 3 thru_hole roundrect (at 0 0 90) (size 1 1.2) (drill 0.7) (layers F.Cu F.Mask) (roundrect_rratio 0.25)
      (net 1 GND))
    (pad 2 thru_hole roundrect (at -1.27 0 90) (size 1 1.2) (drill 0.7) (layers F.Cu F.Mask) (roundrect_rratio 0.25)
      (net 31 /MCU/I2C.SCL))
    (pad 1 thru_hole roundrect (at -2.54 0 90) (size 1 1.2) (drill 0.7) (layers F.Cu F.Mask) (roundrect_rratio 0.25)
      (net 8 /3V0))
    (pad 4 smd rect (at 1.27 1.3 90) (size 0.74 1.6) (layers F.Cu F.Paste F.Mask)
      (net 30 /MCU/I2C.SDA))
    (pad 2 smd rect (at -1.27 1.3 90) (size 0.74 1.6) (layers F.Cu F.Paste F.Mask)
      (net 31 /MCU/I2C.SCL))
    (pad 5 smd rect (at 2.54 -1.3 90) (size 0.74 1.6) (layers F.Cu F.Paste F.Mask)
      (net 32 "Net-(M1-Pad5)"))
    (pad 3 smd rect (at 0 -1.3 90) (size 0.74 1.6) (layers F.Cu F.Paste F.Mask)
      (net 1 GND))
    (pad 1 smd rect (at -2.54 -1.3 90) (size 0.74 1.6) (layers F.Cu F.Paste F.Mask)
      (net 8 /3V0))
  )

  (module Harwin:M50-3130545 (layer F.Cu) (tedit 5D6B8DC4) (tstamp 5D6B5974)
    (at 159.35 106.6 90)
    (path /5D630625/5D6D5DEE)
    (fp_text reference M2 (at 4.35 0 180) (layer F.SilkS)
      (effects (font (size 1 1) (thickness 0.15)))
    )
    (fp_text value M50-3130545 (at 0 -4 90) (layer F.Fab)
      (effects (font (size 1 1) (thickness 0.15)))
    )
    (fp_line (start -3.375 -0.9) (end -3.375 0.9) (layer F.CrtYd) (width 0.15))
    (fp_line (start -3.375 0.9) (end 3.375 0.9) (layer F.CrtYd) (width 0.15))
    (fp_line (start 3.375 0.9) (end 3.375 -0.9) (layer F.CrtYd) (width 0.15))
    (fp_line (start 3.375 -0.9) (end -3.375 -0.9) (layer F.CrtYd) (width 0.15))
    (pad 1 smd rect (at -2.54 -1.3 90) (size 0.74 1.6) (layers F.Cu F.Paste F.Mask)
      (net 8 /3V0))
    (pad 3 smd rect (at 0 -1.3 90) (size 0.74 1.6) (layers F.Cu F.Paste F.Mask)
      (net 1 GND))
    (pad 5 smd rect (at 2.54 -1.3 90) (size 0.74 1.6) (layers F.Cu F.Paste F.Mask)
      (net 9 /MCU/SWD_IO))
    (pad 2 smd rect (at -1.27 1.3 90) (size 0.74 1.6) (layers F.Cu F.Paste F.Mask)
      (net 11 /MCU/~SWD_RST))
    (pad 4 smd rect (at 1.27 1.3 90) (size 0.74 1.6) (layers F.Cu F.Paste F.Mask)
      (net 10 /MCU/SWD_CLK))
    (pad 1 thru_hole roundrect (at -2.54 0 90) (size 1 1.2) (drill 0.7) (layers F.Cu F.Mask) (roundrect_rratio 0.25)
      (net 8 /3V0))
    (pad 2 thru_hole roundrect (at -1.27 0 90) (size 1 1.2) (drill 0.7) (layers F.Cu F.Mask) (roundrect_rratio 0.25)
      (net 11 /MCU/~SWD_RST))
    (pad 3 thru_hole roundrect (at 0 0 90) (size 1 1.2) (drill 0.7) (layers F.Cu F.Mask) (roundrect_rratio 0.25)
      (net 1 GND))
    (pad 4 thru_hole roundrect (at 1.27 0 90) (size 1 1.2) (drill 0.7) (layers F.Cu F.Mask) (roundrect_rratio 0.25)
      (net 10 /MCU/SWD_CLK))
    (pad 5 thru_hole roundrect (at 2.54 0 90) (size 1 1.2) (drill 0.7) (layers F.Cu F.Mask) (roundrect_rratio 0.25)
      (net 9 /MCU/SWD_IO))
  )

  (module MicrochipTechnology:ATECC508A-MAHCZ-S (layer F.Cu) (tedit 5D6B8A1C) (tstamp 5D6AC71A)
    (at 165.25 98.35)
    (path /5D6A8C13)
    (fp_text reference A1 (at -2.4 0) (layer F.SilkS)
      (effects (font (size 1 1) (thickness 0.15)))
    )
    (fp_text value ATECC508A-MAHCZ-S (at 0 -5.5) (layer F.Fab)
      (effects (font (size 1 1) (thickness 0.15)))
    )
    (fp_line (start -1 -1.5) (end 1 -1.5) (layer F.CrtYd) (width 0.15))
    (fp_line (start 1 -1.5) (end 1 1.5) (layer F.CrtYd) (width 0.15))
    (fp_line (start 1 1.5) (end -1 1.5) (layer F.CrtYd) (width 0.15))
    (fp_line (start -1 1.5) (end -1 -1.5) (layer F.CrtYd) (width 0.15))
    (fp_line (start -0.25 2.25) (end -1.5 2.25) (layer F.SilkS) (width 0.15))
    (fp_line (start -1.5 2.25) (end -1.5 1) (layer F.SilkS) (width 0.15))
    (pad 1 smd rect (at -0.75 1.45) (size 0.3 0.85) (layers F.Cu F.Paste F.Mask))
    (pad 2 smd rect (at -0.25 1.45) (size 0.3 0.85) (layers F.Cu F.Paste F.Mask))
    (pad 3 smd rect (at 0.25 1.45) (size 0.3 0.85) (layers F.Cu F.Paste F.Mask))
    (pad 4 smd rect (at 0.75 1.45) (size 0.3 0.85) (layers F.Cu F.Paste F.Mask)
      (net 1 GND))
    (pad 5 smd rect (at 0.75 -1.45) (size 0.3 0.85) (layers F.Cu F.Paste F.Mask)
      (net 30 /MCU/I2C.SDA))
    (pad 6 smd rect (at 0.25 -1.45) (size 0.3 0.85) (layers F.Cu F.Paste F.Mask)
      (net 31 /MCU/I2C.SCL))
    (pad 7 smd rect (at -0.25 -1.45) (size 0.3 0.85) (layers F.Cu F.Paste F.Mask))
    (pad 8 smd rect (at -0.75 -1.45) (size 0.3 0.85) (layers F.Cu F.Paste F.Mask)
      (net 8 /3V0))
    (pad 4 thru_hole rect (at 0.5 0) (size 0.6 1.4) (drill 0.3) (layers *.Cu *.Mask)
      (net 1 GND))
    (pad 4 thru_hole rect (at -0.5 0) (size 0.6 1.4) (drill 0.3) (layers *.Cu *.Mask)
      (net 1 GND))
    (pad 4 smd rect (at 0 0) (size 0.6 1.4) (layers F.Cu F.Paste F.Mask)
      (net 1 GND))
  )

  (module sensor-net-gateway:1593JGY locked (layer F.Cu) (tedit 5D6B5734) (tstamp 5D77A7E0)
    (at 175 90)
    (path /5D6B964D)
    (fp_text reference B1 (at 0 0.5) (layer F.SilkS)
      (effects (font (size 1 1) (thickness 0.15)))
    )
    (fp_text value 1593JGY (at 0 -0.5) (layer F.Fab)
      (effects (font (size 1 1) (thickness 0.15)))
    )
    (fp_arc (start -25 6.75) (end -25 3.5) (angle 180) (layer Edge.Cuts) (width 0.15))
    (fp_arc (start 25.005 6.755) (end 25.005 3.505) (angle -180) (layer Edge.Cuts) (width 0.15))
    (fp_line (start -29.535 3.505) (end -25.005 3.505) (layer Edge.Cuts) (width 0.15))
    (fp_line (start 29.535 3.505) (end 25.005 3.505) (layer Edge.Cuts) (width 0.15))
    (fp_line (start -29.535 10.005) (end -25.005 10.005) (layer Edge.Cuts) (width 0.15))
    (fp_line (start -28.535 -29.535) (end 28.535 -29.535) (layer Edge.Cuts) (width 0.15))
    (fp_line (start 29.535 10.005) (end 29.535 28.535) (layer Edge.Cuts) (width 0.15))
    (fp_line (start 28.535 29.535) (end -28.535 29.535) (layer Edge.Cuts) (width 0.15))
    (fp_arc (start -28.535 -28.535) (end -28.535 -29.535) (angle -90) (layer Edge.Cuts) (width 0.15))
    (fp_arc (start 28.535 -28.535) (end 29.535 -28.535) (angle -90) (layer Edge.Cuts) (width 0.15))
    (fp_arc (start 28.535 28.535) (end 28.535 29.535) (angle -90) (layer Edge.Cuts) (width 0.15))
    (fp_arc (start -28.535 28.535) (end -29.535 28.535) (angle -90) (layer Edge.Cuts) (width 0.15))
    (fp_line (start 29.535 3.505) (end 29.535 -28.535) (layer Edge.Cuts) (width 0.15))
    (fp_line (start -29.535 10.005) (end -29.535 28.535) (layer Edge.Cuts) (width 0.15))
    (fp_line (start -29.535 3.505) (end -29.535 -28.535) (layer Edge.Cuts) (width 0.15))
    (fp_line (start 29.535 10.005) (end 25.005 10.005) (layer Edge.Cuts) (width 0.15))
    (pad 1 thru_hole circle (at 15.5 15.5) (size 1 1) (drill 0.5) (layers *.Cu *.Mask)
      (net 1 GND) (zone_connect 2))
    (pad 1 thru_hole circle (at 12.5 12.5) (size 1 1) (drill 0.5) (layers *.Cu *.Mask)
      (net 1 GND) (zone_connect 2))
    (pad 1 thru_hole circle (at 11.75 14) (size 1 1) (drill 0.5) (layers *.Cu *.Mask)
      (net 1 GND) (zone_connect 2))
    (pad 1 thru_hole circle (at 15.5 12.5) (size 1 1) (drill 0.5) (layers *.Cu *.Mask)
      (net 1 GND) (zone_connect 2))
    (pad 1 thru_hole circle (at 14 14) (size 5.5 5.5) (drill 3.2) (layers *.Cu *.Mask)
      (net 1 GND) (zone_connect 2))
    (pad 1 thru_hole circle (at 16.25 14) (size 1 1) (drill 0.5) (layers *.Cu *.Mask)
      (net 1 GND) (zone_connect 2))
    (pad 1 thru_hole circle (at 14 16.25) (size 1 1) (drill 0.5) (layers *.Cu *.Mask)
      (net 1 GND) (zone_connect 2))
    (pad 1 thru_hole circle (at 12.5 15.5) (size 1 1) (drill 0.5) (layers *.Cu *.Mask)
      (net 1 GND) (zone_connect 2))
    (pad 1 thru_hole circle (at 14 11.75) (size 1 1) (drill 0.5) (layers *.Cu *.Mask)
      (net 1 GND) (zone_connect 2))
    (pad 1 thru_hole circle (at -15.5 -12.5) (size 1 1) (drill 0.5) (layers *.Cu *.Mask)
      (net 1 GND) (zone_connect 2))
    (pad 1 thru_hole circle (at -12.5 -12.5) (size 1 1) (drill 0.5) (layers *.Cu *.Mask)
      (net 1 GND) (zone_connect 2))
    (pad 1 thru_hole circle (at -12.5 -15.5) (size 1 1) (drill 0.5) (layers *.Cu *.Mask)
      (net 1 GND) (zone_connect 2))
    (pad 1 thru_hole circle (at -15.5 -15.5) (size 1 1) (drill 0.5) (layers *.Cu *.Mask)
      (net 1 GND) (zone_connect 2))
    (pad 1 thru_hole circle (at -16.25 -14) (size 1 1) (drill 0.5) (layers *.Cu *.Mask)
      (net 1 GND) (zone_connect 2))
    (pad 1 thru_hole circle (at -14 -11.75) (size 1 1) (drill 0.5) (layers *.Cu *.Mask)
      (net 1 GND) (zone_connect 2))
    (pad 1 thru_hole circle (at -11.75 -14) (size 1 1) (drill 0.5) (layers *.Cu *.Mask)
      (net 1 GND) (zone_connect 2))
    (pad 1 thru_hole circle (at -14 -16.25) (size 1 1) (drill 0.5) (layers *.Cu *.Mask)
      (net 1 GND) (zone_connect 2))
    (pad 1 thru_hole circle (at -14 -14) (size 5.5 5.5) (drill 3.2) (layers *.Cu *.Mask)
      (net 1 GND) (zone_connect 2))
  )

  (module sensor-net-gateway:MOLEX_USB_MICRO_0475890001 (layer F.Cu) (tedit 5A94F6D0) (tstamp 5D748F45)
    (at 175 116.1)
    (path /5D68470F/5D686D3B)
    (fp_text reference U1 (at 5.275 -1) (layer F.SilkS)
      (effects (font (size 1 1) (thickness 0.15)))
    )
    (fp_text value USB_micro_ab (at 0 -3.81) (layer F.Fab)
      (effects (font (size 1 1) (thickness 0.15)))
    )
    (fp_line (start -5 3.45) (end 5 3.45) (layer F.SilkS) (width 0.15))
    (fp_line (start -3.5 4.15) (end 3.5 4.15) (layer F.SilkS) (width 0.15))
    (fp_line (start -3.5 -0.85) (end -3.5 4.15) (layer F.SilkS) (width 0.15))
    (fp_line (start 3.5 -0.85) (end 3.5 4.15) (layer F.SilkS) (width 0.15))
    (fp_line (start -3.5 -0.85) (end 3.5 -0.85) (layer F.SilkS) (width 0.15))
    (pad 5 smd rect (at -1.15 2) (size 1.8 1.9) (layers F.Cu F.Paste F.Mask)
      (net 1 GND))
    (pad 5 smd rect (at 1.15 2) (size 1.8 1.9) (layers F.Cu F.Paste F.Mask)
      (net 1 GND))
    (pad 2 smd rect (at -0.65 -0.8) (size 0.4 1.6) (layers F.Cu F.Paste F.Mask)
      (net 29 "Net-(U1-Pad2)"))
    (pad 1 smd rect (at -1.3 -0.8) (size 0.4 1.6) (layers F.Cu F.Paste F.Mask)
      (net 5 /VBUS))
    (pad 5 smd rect (at 1.3 -0.8) (size 0.4 1.6) (layers F.Cu F.Paste F.Mask)
      (net 1 GND))
    (pad 4 smd rect (at 0.65 -0.8) (size 0.4 1.6) (layers F.Cu F.Paste F.Mask))
    (pad 3 smd rect (at 0 -0.8) (size 0.4 1.6) (layers F.Cu F.Paste F.Mask)
      (net 27 "Net-(U1-Pad3)"))
    (pad 5 thru_hole oval (at 2.225 -1) (size 1.05 1.25) (drill oval 0.65 0.85) (layers *.Cu *.Mask)
      (net 1 GND))
    (pad 5 thru_hole oval (at -2.225 -1) (size 1.05 1.25) (drill oval 0.65 0.85) (layers *.Cu *.Mask)
      (net 1 GND))
    (pad 5 thru_hole oval (at -4.175 2) (size 1.2 1.9) (drill oval 0.6 1.3) (layers *.Cu *.Mask)
      (net 1 GND))
    (pad 5 thru_hole oval (at 4.175 2) (size 1.2 1.9) (drill oval 0.6 1.3) (layers *.Cu *.Mask)
      (net 1 GND))
    (model /home/hannes/Repository/ismGateway/kicad/models/47589-0001.wrl
      (offset (xyz 0 9.651999855041504 2.285999965667724))
      (scale (xyz 0.4 0.4 0.4))
      (rotate (xyz 90 0 0))
    )
  )

  (module Capacitor_SMD:C_0603_1608Metric (layer B.Cu) (tedit 5B301BBE) (tstamp 5D6F4E81)
    (at 174.65 109.95 90)
    (descr "Capacitor SMD 0603 (1608 Metric), square (rectangular) end terminal, IPC_7351 nominal, (Body size source: http://www.tortai-tech.com/upload/download/2011102023233369053.pdf), generated with kicad-footprint-generator")
    (tags capacitor)
    (path /5D68470F/5D686D56)
    (attr smd)
    (fp_text reference C1 (at 0 1.43 90) (layer B.SilkS)
      (effects (font (size 1 1) (thickness 0.15)) (justify mirror))
    )
    (fp_text value 0.1µF (at 0 -1.43 90) (layer B.Fab)
      (effects (font (size 1 1) (thickness 0.15)) (justify mirror))
    )
    (fp_text user %R (at 0 0 90) (layer B.Fab)
      (effects (font (size 0.4 0.4) (thickness 0.06)) (justify mirror))
    )
    (fp_line (start 1.48 -0.73) (end -1.48 -0.73) (layer B.CrtYd) (width 0.05))
    (fp_line (start 1.48 0.73) (end 1.48 -0.73) (layer B.CrtYd) (width 0.05))
    (fp_line (start -1.48 0.73) (end 1.48 0.73) (layer B.CrtYd) (width 0.05))
    (fp_line (start -1.48 -0.73) (end -1.48 0.73) (layer B.CrtYd) (width 0.05))
    (fp_line (start -0.162779 -0.51) (end 0.162779 -0.51) (layer B.SilkS) (width 0.12))
    (fp_line (start -0.162779 0.51) (end 0.162779 0.51) (layer B.SilkS) (width 0.12))
    (fp_line (start 0.8 -0.4) (end -0.8 -0.4) (layer B.Fab) (width 0.1))
    (fp_line (start 0.8 0.4) (end 0.8 -0.4) (layer B.Fab) (width 0.1))
    (fp_line (start -0.8 0.4) (end 0.8 0.4) (layer B.Fab) (width 0.1))
    (fp_line (start -0.8 -0.4) (end -0.8 0.4) (layer B.Fab) (width 0.1))
    (pad 2 smd roundrect (at 0.7875 0 90) (size 0.875 0.95) (layers B.Cu B.Paste B.Mask) (roundrect_rratio 0.25)
      (net 1 GND))
    (pad 1 smd roundrect (at -0.7875 0 90) (size 0.875 0.95) (layers B.Cu B.Paste B.Mask) (roundrect_rratio 0.25)
      (net 5 /VBUS))
    (model ${KISYS3DMOD}/Capacitor_SMD.3dshapes/C_0603_1608Metric.wrl
      (at (xyz 0 0 0))
      (scale (xyz 1 1 1))
      (rotate (xyz 0 0 0))
    )
  )

  (module Capacitor_SMD:C_0603_1608Metric (layer F.Cu) (tedit 5B301BBE) (tstamp 5D6F4E92)
    (at 171.3 108.45 180)
    (descr "Capacitor SMD 0603 (1608 Metric), square (rectangular) end terminal, IPC_7351 nominal, (Body size source: http://www.tortai-tech.com/upload/download/2011102023233369053.pdf), generated with kicad-footprint-generator")
    (tags capacitor)
    (path /5D68470F/5D686D79)
    (attr smd)
    (fp_text reference C2 (at 0 -1.43 180) (layer F.SilkS)
      (effects (font (size 1 1) (thickness 0.15)))
    )
    (fp_text value 47pF (at 0 1.43 180) (layer F.Fab)
      (effects (font (size 1 1) (thickness 0.15)))
    )
    (fp_line (start -0.8 0.4) (end -0.8 -0.4) (layer F.Fab) (width 0.1))
    (fp_line (start -0.8 -0.4) (end 0.8 -0.4) (layer F.Fab) (width 0.1))
    (fp_line (start 0.8 -0.4) (end 0.8 0.4) (layer F.Fab) (width 0.1))
    (fp_line (start 0.8 0.4) (end -0.8 0.4) (layer F.Fab) (width 0.1))
    (fp_line (start -0.162779 -0.51) (end 0.162779 -0.51) (layer F.SilkS) (width 0.12))
    (fp_line (start -0.162779 0.51) (end 0.162779 0.51) (layer F.SilkS) (width 0.12))
    (fp_line (start -1.48 0.73) (end -1.48 -0.73) (layer F.CrtYd) (width 0.05))
    (fp_line (start -1.48 -0.73) (end 1.48 -0.73) (layer F.CrtYd) (width 0.05))
    (fp_line (start 1.48 -0.73) (end 1.48 0.73) (layer F.CrtYd) (width 0.05))
    (fp_line (start 1.48 0.73) (end -1.48 0.73) (layer F.CrtYd) (width 0.05))
    (fp_text user %R (at 0 0 180) (layer F.Fab)
      (effects (font (size 0.4 0.4) (thickness 0.06)))
    )
    (pad 1 smd roundrect (at -0.7875 0 180) (size 0.875 0.95) (layers F.Cu F.Paste F.Mask) (roundrect_rratio 0.25)
      (net 2 "Net-(C2-Pad1)"))
    (pad 2 smd roundrect (at 0.7875 0 180) (size 0.875 0.95) (layers F.Cu F.Paste F.Mask) (roundrect_rratio 0.25)
      (net 1 GND))
    (model ${KISYS3DMOD}/Capacitor_SMD.3dshapes/C_0603_1608Metric.wrl
      (at (xyz 0 0 0))
      (scale (xyz 1 1 1))
      (rotate (xyz 0 0 0))
    )
  )

  (module Capacitor_SMD:C_0603_1608Metric (layer F.Cu) (tedit 5B301BBE) (tstamp 5D6F4EA3)
    (at 177.9 106.65)
    (descr "Capacitor SMD 0603 (1608 Metric), square (rectangular) end terminal, IPC_7351 nominal, (Body size source: http://www.tortai-tech.com/upload/download/2011102023233369053.pdf), generated with kicad-footprint-generator")
    (tags capacitor)
    (path /5D68470F/5D686D80)
    (attr smd)
    (fp_text reference C3 (at 2.55 0) (layer F.SilkS)
      (effects (font (size 1 1) (thickness 0.15)))
    )
    (fp_text value 47pF (at 0 1.43) (layer F.Fab)
      (effects (font (size 1 1) (thickness 0.15)))
    )
    (fp_text user %R (at 0 0) (layer F.Fab)
      (effects (font (size 0.4 0.4) (thickness 0.06)))
    )
    (fp_line (start 1.48 0.73) (end -1.48 0.73) (layer F.CrtYd) (width 0.05))
    (fp_line (start 1.48 -0.73) (end 1.48 0.73) (layer F.CrtYd) (width 0.05))
    (fp_line (start -1.48 -0.73) (end 1.48 -0.73) (layer F.CrtYd) (width 0.05))
    (fp_line (start -1.48 0.73) (end -1.48 -0.73) (layer F.CrtYd) (width 0.05))
    (fp_line (start -0.162779 0.51) (end 0.162779 0.51) (layer F.SilkS) (width 0.12))
    (fp_line (start -0.162779 -0.51) (end 0.162779 -0.51) (layer F.SilkS) (width 0.12))
    (fp_line (start 0.8 0.4) (end -0.8 0.4) (layer F.Fab) (width 0.1))
    (fp_line (start 0.8 -0.4) (end 0.8 0.4) (layer F.Fab) (width 0.1))
    (fp_line (start -0.8 -0.4) (end 0.8 -0.4) (layer F.Fab) (width 0.1))
    (fp_line (start -0.8 0.4) (end -0.8 -0.4) (layer F.Fab) (width 0.1))
    (pad 2 smd roundrect (at 0.7875 0) (size 0.875 0.95) (layers F.Cu F.Paste F.Mask) (roundrect_rratio 0.25)
      (net 1 GND))
    (pad 1 smd roundrect (at -0.7875 0) (size 0.875 0.95) (layers F.Cu F.Paste F.Mask) (roundrect_rratio 0.25)
      (net 3 "Net-(C3-Pad1)"))
    (model ${KISYS3DMOD}/Capacitor_SMD.3dshapes/C_0603_1608Metric.wrl
      (at (xyz 0 0 0))
      (scale (xyz 1 1 1))
      (rotate (xyz 0 0 0))
    )
  )

  (module Capacitor_SMD:C_0603_1608Metric (layer B.Cu) (tedit 5B301BBE) (tstamp 5D6F4EC5)
    (at 179.7 104.15)
    (descr "Capacitor SMD 0603 (1608 Metric), square (rectangular) end terminal, IPC_7351 nominal, (Body size source: http://www.tortai-tech.com/upload/download/2011102023233369053.pdf), generated with kicad-footprint-generator")
    (tags capacitor)
    (path /5D68470F/5D686DF9)
    (attr smd)
    (fp_text reference C5 (at 0 1.43) (layer B.SilkS)
      (effects (font (size 1 1) (thickness 0.15)) (justify mirror))
    )
    (fp_text value 0.1µF (at 0 -1.43) (layer B.Fab)
      (effects (font (size 1 1) (thickness 0.15)) (justify mirror))
    )
    (fp_text user %R (at 0 0) (layer B.Fab)
      (effects (font (size 0.4 0.4) (thickness 0.06)) (justify mirror))
    )
    (fp_line (start 1.48 -0.73) (end -1.48 -0.73) (layer B.CrtYd) (width 0.05))
    (fp_line (start 1.48 0.73) (end 1.48 -0.73) (layer B.CrtYd) (width 0.05))
    (fp_line (start -1.48 0.73) (end 1.48 0.73) (layer B.CrtYd) (width 0.05))
    (fp_line (start -1.48 -0.73) (end -1.48 0.73) (layer B.CrtYd) (width 0.05))
    (fp_line (start -0.162779 -0.51) (end 0.162779 -0.51) (layer B.SilkS) (width 0.12))
    (fp_line (start -0.162779 0.51) (end 0.162779 0.51) (layer B.SilkS) (width 0.12))
    (fp_line (start 0.8 -0.4) (end -0.8 -0.4) (layer B.Fab) (width 0.1))
    (fp_line (start 0.8 0.4) (end 0.8 -0.4) (layer B.Fab) (width 0.1))
    (fp_line (start -0.8 0.4) (end 0.8 0.4) (layer B.Fab) (width 0.1))
    (fp_line (start -0.8 -0.4) (end -0.8 0.4) (layer B.Fab) (width 0.1))
    (pad 2 smd roundrect (at 0.7875 0) (size 0.875 0.95) (layers B.Cu B.Paste B.Mask) (roundrect_rratio 0.25)
      (net 1 GND))
    (pad 1 smd roundrect (at -0.7875 0) (size 0.875 0.95) (layers B.Cu B.Paste B.Mask) (roundrect_rratio 0.25)
      (net 4 "Net-(C5-Pad1)"))
    (model ${KISYS3DMOD}/Capacitor_SMD.3dshapes/C_0603_1608Metric.wrl
      (at (xyz 0 0 0))
      (scale (xyz 1 1 1))
      (rotate (xyz 0 0 0))
    )
  )

  (module Capacitor_SMD:C_0603_1608Metric (layer B.Cu) (tedit 5B301BBE) (tstamp 5D6F4ED6)
    (at 179.7 102.55 180)
    (descr "Capacitor SMD 0603 (1608 Metric), square (rectangular) end terminal, IPC_7351 nominal, (Body size source: http://www.tortai-tech.com/upload/download/2011102023233369053.pdf), generated with kicad-footprint-generator")
    (tags capacitor)
    (path /5D68470F/5D686DBE)
    (attr smd)
    (fp_text reference C6 (at 0 1.43 180) (layer B.SilkS)
      (effects (font (size 1 1) (thickness 0.15)) (justify mirror))
    )
    (fp_text value 0.1µF (at 0 -1.43 180) (layer B.Fab)
      (effects (font (size 1 1) (thickness 0.15)) (justify mirror))
    )
    (fp_text user %R (at 0 0 180) (layer B.Fab)
      (effects (font (size 0.4 0.4) (thickness 0.06)) (justify mirror))
    )
    (fp_line (start 1.48 -0.73) (end -1.48 -0.73) (layer B.CrtYd) (width 0.05))
    (fp_line (start 1.48 0.73) (end 1.48 -0.73) (layer B.CrtYd) (width 0.05))
    (fp_line (start -1.48 0.73) (end 1.48 0.73) (layer B.CrtYd) (width 0.05))
    (fp_line (start -1.48 -0.73) (end -1.48 0.73) (layer B.CrtYd) (width 0.05))
    (fp_line (start -0.162779 -0.51) (end 0.162779 -0.51) (layer B.SilkS) (width 0.12))
    (fp_line (start -0.162779 0.51) (end 0.162779 0.51) (layer B.SilkS) (width 0.12))
    (fp_line (start 0.8 -0.4) (end -0.8 -0.4) (layer B.Fab) (width 0.1))
    (fp_line (start 0.8 0.4) (end 0.8 -0.4) (layer B.Fab) (width 0.1))
    (fp_line (start -0.8 0.4) (end 0.8 0.4) (layer B.Fab) (width 0.1))
    (fp_line (start -0.8 -0.4) (end -0.8 0.4) (layer B.Fab) (width 0.1))
    (pad 2 smd roundrect (at 0.7875 0 180) (size 0.875 0.95) (layers B.Cu B.Paste B.Mask) (roundrect_rratio 0.25)
      (net 28 "Net-(C4-Pad1)"))
    (pad 1 smd roundrect (at -0.7875 0 180) (size 0.875 0.95) (layers B.Cu B.Paste B.Mask) (roundrect_rratio 0.25)
      (net 1 GND))
    (model ${KISYS3DMOD}/Capacitor_SMD.3dshapes/C_0603_1608Metric.wrl
      (at (xyz 0 0 0))
      (scale (xyz 1 1 1))
      (rotate (xyz 0 0 0))
    )
  )

  (module Capacitor_SMD:C_0603_1608Metric (layer F.Cu) (tedit 5B301BBE) (tstamp 5D6F4EE7)
    (at 170.25 113 90)
    (descr "Capacitor SMD 0603 (1608 Metric), square (rectangular) end terminal, IPC_7351 nominal, (Body size source: http://www.tortai-tech.com/upload/download/2011102023233369053.pdf), generated with kicad-footprint-generator")
    (tags capacitor)
    (path /5D625BF4)
    (attr smd)
    (fp_text reference C7 (at 0 -1.43 90) (layer F.SilkS)
      (effects (font (size 1 1) (thickness 0.15)))
    )
    (fp_text value 4.7µF (at 0 1.43 90) (layer F.Fab)
      (effects (font (size 1 1) (thickness 0.15)))
    )
    (fp_line (start -0.8 0.4) (end -0.8 -0.4) (layer F.Fab) (width 0.1))
    (fp_line (start -0.8 -0.4) (end 0.8 -0.4) (layer F.Fab) (width 0.1))
    (fp_line (start 0.8 -0.4) (end 0.8 0.4) (layer F.Fab) (width 0.1))
    (fp_line (start 0.8 0.4) (end -0.8 0.4) (layer F.Fab) (width 0.1))
    (fp_line (start -0.162779 -0.51) (end 0.162779 -0.51) (layer F.SilkS) (width 0.12))
    (fp_line (start -0.162779 0.51) (end 0.162779 0.51) (layer F.SilkS) (width 0.12))
    (fp_line (start -1.48 0.73) (end -1.48 -0.73) (layer F.CrtYd) (width 0.05))
    (fp_line (start -1.48 -0.73) (end 1.48 -0.73) (layer F.CrtYd) (width 0.05))
    (fp_line (start 1.48 -0.73) (end 1.48 0.73) (layer F.CrtYd) (width 0.05))
    (fp_line (start 1.48 0.73) (end -1.48 0.73) (layer F.CrtYd) (width 0.05))
    (fp_text user %R (at 0 0 90) (layer F.Fab)
      (effects (font (size 0.4 0.4) (thickness 0.06)))
    )
    (pad 1 smd roundrect (at -0.7875 0 90) (size 0.875 0.95) (layers F.Cu F.Paste F.Mask) (roundrect_rratio 0.25)
      (net 5 /VBUS))
    (pad 2 smd roundrect (at 0.7875 0 90) (size 0.875 0.95) (layers F.Cu F.Paste F.Mask) (roundrect_rratio 0.25)
      (net 1 GND))
    (model ${KISYS3DMOD}/Capacitor_SMD.3dshapes/C_0603_1608Metric.wrl
      (at (xyz 0 0 0))
      (scale (xyz 1 1 1))
      (rotate (xyz 0 0 0))
    )
  )

  (module Capacitor_SMD:C_0603_1608Metric (layer F.Cu) (tedit 5B301BBE) (tstamp 5D6F4EF8)
    (at 167.55 117.35)
    (descr "Capacitor SMD 0603 (1608 Metric), square (rectangular) end terminal, IPC_7351 nominal, (Body size source: http://www.tortai-tech.com/upload/download/2011102023233369053.pdf), generated with kicad-footprint-generator")
    (tags capacitor)
    (path /5D6271D9)
    (attr smd)
    (fp_text reference C8 (at 0 1.35) (layer F.SilkS)
      (effects (font (size 1 1) (thickness 0.15)))
    )
    (fp_text value 560pF (at 0 1.43) (layer F.Fab)
      (effects (font (size 1 1) (thickness 0.15)))
    )
    (fp_line (start -0.8 0.4) (end -0.8 -0.4) (layer F.Fab) (width 0.1))
    (fp_line (start -0.8 -0.4) (end 0.8 -0.4) (layer F.Fab) (width 0.1))
    (fp_line (start 0.8 -0.4) (end 0.8 0.4) (layer F.Fab) (width 0.1))
    (fp_line (start 0.8 0.4) (end -0.8 0.4) (layer F.Fab) (width 0.1))
    (fp_line (start -0.162779 -0.51) (end 0.162779 -0.51) (layer F.SilkS) (width 0.12))
    (fp_line (start -0.162779 0.51) (end 0.162779 0.51) (layer F.SilkS) (width 0.12))
    (fp_line (start -1.48 0.73) (end -1.48 -0.73) (layer F.CrtYd) (width 0.05))
    (fp_line (start -1.48 -0.73) (end 1.48 -0.73) (layer F.CrtYd) (width 0.05))
    (fp_line (start 1.48 -0.73) (end 1.48 0.73) (layer F.CrtYd) (width 0.05))
    (fp_line (start 1.48 0.73) (end -1.48 0.73) (layer F.CrtYd) (width 0.05))
    (fp_text user %R (at 0 0) (layer F.Fab)
      (effects (font (size 0.4 0.4) (thickness 0.06)))
    )
    (pad 1 smd roundrect (at -0.7875 0) (size 0.875 0.95) (layers F.Cu F.Paste F.Mask) (roundrect_rratio 0.25)
      (net 6 "Net-(C10-Pad1)"))
    (pad 2 smd roundrect (at 0.7875 0) (size 0.875 0.95) (layers F.Cu F.Paste F.Mask) (roundrect_rratio 0.25)
      (net 7 "Net-(C8-Pad2)"))
    (model ${KISYS3DMOD}/Capacitor_SMD.3dshapes/C_0603_1608Metric.wrl
      (at (xyz 0 0 0))
      (scale (xyz 1 1 1))
      (rotate (xyz 0 0 0))
    )
  )

  (module Capacitor_SMD:C_0603_1608Metric (layer F.Cu) (tedit 5B301BBE) (tstamp 5D7797F2)
    (at 163.8 116.75)
    (descr "Capacitor SMD 0603 (1608 Metric), square (rectangular) end terminal, IPC_7351 nominal, (Body size source: http://www.tortai-tech.com/upload/download/2011102023233369053.pdf), generated with kicad-footprint-generator")
    (tags capacitor)
    (path /5D62710D)
    (attr smd)
    (fp_text reference C9 (at 0 1.5) (layer F.SilkS)
      (effects (font (size 1 1) (thickness 0.15)))
    )
    (fp_text value 4.7µF (at 0 1.43) (layer F.Fab)
      (effects (font (size 1 1) (thickness 0.15)))
    )
    (fp_text user %R (at 0 0) (layer F.Fab)
      (effects (font (size 0.4 0.4) (thickness 0.06)))
    )
    (fp_line (start 1.48 0.73) (end -1.48 0.73) (layer F.CrtYd) (width 0.05))
    (fp_line (start 1.48 -0.73) (end 1.48 0.73) (layer F.CrtYd) (width 0.05))
    (fp_line (start -1.48 -0.73) (end 1.48 -0.73) (layer F.CrtYd) (width 0.05))
    (fp_line (start -1.48 0.73) (end -1.48 -0.73) (layer F.CrtYd) (width 0.05))
    (fp_line (start -0.162779 0.51) (end 0.162779 0.51) (layer F.SilkS) (width 0.12))
    (fp_line (start -0.162779 -0.51) (end 0.162779 -0.51) (layer F.SilkS) (width 0.12))
    (fp_line (start 0.8 0.4) (end -0.8 0.4) (layer F.Fab) (width 0.1))
    (fp_line (start 0.8 -0.4) (end 0.8 0.4) (layer F.Fab) (width 0.1))
    (fp_line (start -0.8 -0.4) (end 0.8 -0.4) (layer F.Fab) (width 0.1))
    (fp_line (start -0.8 0.4) (end -0.8 -0.4) (layer F.Fab) (width 0.1))
    (pad 2 smd roundrect (at 0.7875 0) (size 0.875 0.95) (layers F.Cu F.Paste F.Mask) (roundrect_rratio 0.25)
      (net 1 GND))
    (pad 1 smd roundrect (at -0.7875 0) (size 0.875 0.95) (layers F.Cu F.Paste F.Mask) (roundrect_rratio 0.25)
      (net 6 "Net-(C10-Pad1)"))
    (model ${KISYS3DMOD}/Capacitor_SMD.3dshapes/C_0603_1608Metric.wrl
      (at (xyz 0 0 0))
      (scale (xyz 1 1 1))
      (rotate (xyz 0 0 0))
    )
  )

  (module Capacitor_SMD:C_0603_1608Metric (layer F.Cu) (tedit 5B301BBE) (tstamp 5D7797C2)
    (at 160.25 118.25 180)
    (descr "Capacitor SMD 0603 (1608 Metric), square (rectangular) end terminal, IPC_7351 nominal, (Body size source: http://www.tortai-tech.com/upload/download/2011102023233369053.pdf), generated with kicad-footprint-generator")
    (tags capacitor)
    (path /5D6304E8)
    (attr smd)
    (fp_text reference C10 (at 3.15 0 180) (layer F.SilkS)
      (effects (font (size 1 1) (thickness 0.15)))
    )
    (fp_text value 0.47µF (at 0 1.43 180) (layer F.Fab)
      (effects (font (size 1 1) (thickness 0.15)))
    )
    (fp_text user %R (at 0 0 180) (layer F.Fab)
      (effects (font (size 0.4 0.4) (thickness 0.06)))
    )
    (fp_line (start 1.48 0.73) (end -1.48 0.73) (layer F.CrtYd) (width 0.05))
    (fp_line (start 1.48 -0.73) (end 1.48 0.73) (layer F.CrtYd) (width 0.05))
    (fp_line (start -1.48 -0.73) (end 1.48 -0.73) (layer F.CrtYd) (width 0.05))
    (fp_line (start -1.48 0.73) (end -1.48 -0.73) (layer F.CrtYd) (width 0.05))
    (fp_line (start -0.162779 0.51) (end 0.162779 0.51) (layer F.SilkS) (width 0.12))
    (fp_line (start -0.162779 -0.51) (end 0.162779 -0.51) (layer F.SilkS) (width 0.12))
    (fp_line (start 0.8 0.4) (end -0.8 0.4) (layer F.Fab) (width 0.1))
    (fp_line (start 0.8 -0.4) (end 0.8 0.4) (layer F.Fab) (width 0.1))
    (fp_line (start -0.8 -0.4) (end 0.8 -0.4) (layer F.Fab) (width 0.1))
    (fp_line (start -0.8 0.4) (end -0.8 -0.4) (layer F.Fab) (width 0.1))
    (pad 2 smd roundrect (at 0.7875 0 180) (size 0.875 0.95) (layers F.Cu F.Paste F.Mask) (roundrect_rratio 0.25)
      (net 1 GND))
    (pad 1 smd roundrect (at -0.7875 0 180) (size 0.875 0.95) (layers F.Cu F.Paste F.Mask) (roundrect_rratio 0.25)
      (net 6 "Net-(C10-Pad1)"))
    (model ${KISYS3DMOD}/Capacitor_SMD.3dshapes/C_0603_1608Metric.wrl
      (at (xyz 0 0 0))
      (scale (xyz 1 1 1))
      (rotate (xyz 0 0 0))
    )
  )

  (module Capacitor_SMD:C_0603_1608Metric (layer F.Cu) (tedit 5B301BBE) (tstamp 5D6F4F2B)
    (at 179.7 104.15 180)
    (descr "Capacitor SMD 0603 (1608 Metric), square (rectangular) end terminal, IPC_7351 nominal, (Body size source: http://www.tortai-tech.com/upload/download/2011102023233369053.pdf), generated with kicad-footprint-generator")
    (tags capacitor)
    (path /5D68470F/5D686DA9)
    (attr smd)
    (fp_text reference C11 (at -3.2 -0.7 180) (layer F.SilkS)
      (effects (font (size 1 1) (thickness 0.15)))
    )
    (fp_text value 10nF (at 0 1.43 180) (layer F.Fab)
      (effects (font (size 1 1) (thickness 0.15)))
    )
    (fp_text user %R (at 0 0 180) (layer F.Fab)
      (effects (font (size 0.4 0.4) (thickness 0.06)))
    )
    (fp_line (start 1.48 0.73) (end -1.48 0.73) (layer F.CrtYd) (width 0.05))
    (fp_line (start 1.48 -0.73) (end 1.48 0.73) (layer F.CrtYd) (width 0.05))
    (fp_line (start -1.48 -0.73) (end 1.48 -0.73) (layer F.CrtYd) (width 0.05))
    (fp_line (start -1.48 0.73) (end -1.48 -0.73) (layer F.CrtYd) (width 0.05))
    (fp_line (start -0.162779 0.51) (end 0.162779 0.51) (layer F.SilkS) (width 0.12))
    (fp_line (start -0.162779 -0.51) (end 0.162779 -0.51) (layer F.SilkS) (width 0.12))
    (fp_line (start 0.8 0.4) (end -0.8 0.4) (layer F.Fab) (width 0.1))
    (fp_line (start 0.8 -0.4) (end 0.8 0.4) (layer F.Fab) (width 0.1))
    (fp_line (start -0.8 -0.4) (end 0.8 -0.4) (layer F.Fab) (width 0.1))
    (fp_line (start -0.8 0.4) (end -0.8 -0.4) (layer F.Fab) (width 0.1))
    (pad 2 smd roundrect (at 0.7875 0 180) (size 0.875 0.95) (layers F.Cu F.Paste F.Mask) (roundrect_rratio 0.25)
      (net 1 GND))
    (pad 1 smd roundrect (at -0.7875 0 180) (size 0.875 0.95) (layers F.Cu F.Paste F.Mask) (roundrect_rratio 0.25)
      (net 5 /VBUS))
    (model ${KISYS3DMOD}/Capacitor_SMD.3dshapes/C_0603_1608Metric.wrl
      (at (xyz 0 0 0))
      (scale (xyz 1 1 1))
      (rotate (xyz 0 0 0))
    )
  )

  (module Capacitor_SMD:C_0603_1608Metric (layer F.Cu) (tedit 5B301BBE) (tstamp 5D7799BA)
    (at 156.8 115.65 90)
    (descr "Capacitor SMD 0603 (1608 Metric), square (rectangular) end terminal, IPC_7351 nominal, (Body size source: http://www.tortai-tech.com/upload/download/2011102023233369053.pdf), generated with kicad-footprint-generator")
    (tags capacitor)
    (path /5D6371A2)
    (attr smd)
    (fp_text reference C12 (at 3.05 0.05 90) (layer F.SilkS)
      (effects (font (size 1 1) (thickness 0.15)))
    )
    (fp_text value 10µF (at 0 1.43 90) (layer F.Fab)
      (effects (font (size 1 1) (thickness 0.15)))
    )
    (fp_line (start -0.8 0.4) (end -0.8 -0.4) (layer F.Fab) (width 0.1))
    (fp_line (start -0.8 -0.4) (end 0.8 -0.4) (layer F.Fab) (width 0.1))
    (fp_line (start 0.8 -0.4) (end 0.8 0.4) (layer F.Fab) (width 0.1))
    (fp_line (start 0.8 0.4) (end -0.8 0.4) (layer F.Fab) (width 0.1))
    (fp_line (start -0.162779 -0.51) (end 0.162779 -0.51) (layer F.SilkS) (width 0.12))
    (fp_line (start -0.162779 0.51) (end 0.162779 0.51) (layer F.SilkS) (width 0.12))
    (fp_line (start -1.48 0.73) (end -1.48 -0.73) (layer F.CrtYd) (width 0.05))
    (fp_line (start -1.48 -0.73) (end 1.48 -0.73) (layer F.CrtYd) (width 0.05))
    (fp_line (start 1.48 -0.73) (end 1.48 0.73) (layer F.CrtYd) (width 0.05))
    (fp_line (start 1.48 0.73) (end -1.48 0.73) (layer F.CrtYd) (width 0.05))
    (fp_text user %R (at 0 0 90) (layer F.Fab)
      (effects (font (size 0.4 0.4) (thickness 0.06)))
    )
    (pad 1 smd roundrect (at -0.7875 0 90) (size 0.875 0.95) (layers F.Cu F.Paste F.Mask) (roundrect_rratio 0.25)
      (net 8 /3V0))
    (pad 2 smd roundrect (at 0.7875 0 90) (size 0.875 0.95) (layers F.Cu F.Paste F.Mask) (roundrect_rratio 0.25)
      (net 1 GND))
    (model ${KISYS3DMOD}/Capacitor_SMD.3dshapes/C_0603_1608Metric.wrl
      (at (xyz 0 0 0))
      (scale (xyz 1 1 1))
      (rotate (xyz 0 0 0))
    )
  )

  (module CNCTech:CORTEX-DEBUG (layer F.Cu) (tedit 5D62BF9F) (tstamp 5D6F58F0)
    (at 152.45 108.9)
    (path /5D630625/5D635A07)
    (fp_text reference CD1 (at 0 7.4) (layer F.SilkS)
      (effects (font (size 1 1) (thickness 0.15)))
    )
    (fp_text value CORTEX-DEBUG (at 0 0 90) (layer F.Fab)
      (effects (font (size 1 1) (thickness 0.15)))
    )
    (fp_line (start -2.35 -6.125) (end 2.35 -6.125) (layer F.SilkS) (width 0.4))
    (fp_line (start -2.35 6.125) (end 2.35 6.125) (layer F.SilkS) (width 0.4))
    (fp_line (start -2.35 -6.125) (end -2.35 -1) (layer F.SilkS) (width 0.4))
    (fp_line (start 2.35 -6.125) (end 2.35 6.125) (layer F.SilkS) (width 0.4))
    (fp_line (start -2.35 1) (end -2.35 6.125) (layer F.SilkS) (width 0.4))
    (pad 1 thru_hole rect (at -0.635 -2.54) (size 1 1) (drill 0.7) (layers *.Cu *.Mask)
      (net 8 /3V0))
    (pad 2 thru_hole circle (at 0.635 -2.54) (size 1.1 1.1) (drill 0.7) (layers *.Cu *.Mask)
      (net 9 /MCU/SWD_IO))
    (pad 3 thru_hole circle (at -0.635 -1.27) (size 1.1 1.1) (drill 0.7) (layers *.Cu *.Mask)
      (net 1 GND))
    (pad 4 thru_hole circle (at 0.635 -1.27) (size 1.1 1.1) (drill 0.7) (layers *.Cu *.Mask)
      (net 10 /MCU/SWD_CLK))
    (pad 5 thru_hole circle (at -0.635 0) (size 1.1 1.1) (drill 0.7) (layers *.Cu *.Mask)
      (net 1 GND))
    (pad 6 thru_hole circle (at 0.635 0) (size 1.1 1.1) (drill 0.7) (layers *.Cu *.Mask))
    (pad 7 thru_hole circle (at -0.635 1.27) (size 1.1 1.1) (drill 0.7) (layers *.Cu *.Mask))
    (pad 8 thru_hole circle (at 0.635 1.27) (size 1.1 1.1) (drill 0.7) (layers *.Cu *.Mask))
    (pad 9 thru_hole circle (at -0.635 2.54) (size 1.1 1.1) (drill 0.7) (layers *.Cu *.Mask)
      (net 1 GND))
    (pad 10 thru_hole circle (at 0.635 2.54) (size 1.1 1.1) (drill 0.7) (layers *.Cu *.Mask)
      (net 11 /MCU/~SWD_RST))
    (model /home/hannes/Repository/ismGateway/kicad/models/3220-10-0100.wrl
      (at (xyz 0 0 0))
      (scale (xyz 0.4 0.4 0.4))
      (rotate (xyz -90 0 90))
    )
  )

  (module Package_TO_SOT_SMD:SOT-23-5 (layer F.Cu) (tedit 5A02FF57) (tstamp 5D779A2E)
    (at 159.8 115.4 180)
    (descr "5-pin SOT23 package")
    (tags SOT-23-5)
    (path /5D630409)
    (attr smd)
    (fp_text reference L2 (at 0 2.75 180) (layer F.SilkS)
      (effects (font (size 1 1) (thickness 0.15)))
    )
